../data/dst/12/landmark/0.jpg -2 0.288961038961039 0.20454545454545456 0.814935064935065 0.262987012987013 0.5357142857142857 0.6590909090909091 0.275974025974026 0.8538961038961039 0.724025974025974 0.9058441558441559
../data/dst/12/landmark/1.jpg -2 0.21666666666666667 0.21 0.7566666666666667 0.27 0.47 0.6766666666666666 0.20333333333333334 0.8766666666666667 0.6633333333333333 0.93
../data/dst/12/landmark/2.jpg -2 0.24302000093749296 0.18640941044155737 0.7757357933421762 0.2932451934107975 0.4547166445051613 0.6733797243804451 0.17163357646449753 0.8493771325994188 0.6252348313068254 0.9425991581615684
../data/dst/12/landmark/3.jpg -2 0.22426420665782376 0.2932451934107975 0.756979999062507 0.18640941044155737 0.5452833554948386 0.6733797243804451 0.37476516869317456 0.9425991581615684 0.8283664235355025 0.8493771325994188
../data/dst/12/landmark/4.jpg -2 0.31741573033707865 0.22191011235955055 0.7724719101123596 0.27247191011235955 0.5308988764044944 0.6151685393258427 0.3061797752808989 0.7837078651685393 0.6938202247191011 0.8286516853932584
../data/dst/12/landmark/5.jpg -2 0.2938733878989281 0.2388815959761656 0.75160469256275 0.24959023148327467 0.5408188964372563 0.6120372737402733 0.3316440894639974 0.7995208167327381 0.7217265619938381 0.8105085208627689
../data/dst/12/landmark/6.jpg -2 0.24839530743725002 0.24959023148327467 0.7061266121010719 0.2388815959761656 0.45918110356274366 0.6120372737402733 0.2782734380061619 0.8105085208627689 0.6683559105360026 0.7995208167327381
../data/dst/12/landmark/7.jpg -2 0.34234764931476036 0.2070550607031444 0.7912654519029768 0.29708521489070633 0.5207436972650427 0.617423302786477 0.28219055003976423 0.7657357254429153 0.6644387985024 0.8442936121525917
../data/dst/12/landmark/8.jpg -2 0.2087345480970232 0.29708521489070633 0.6576523506852396 0.2070550607031444 0.47925630273495734 0.617423302786477 0.33556120149760005 0.8442936121525917 0.7178094499602358 0.7657357254429153
../data/dst/12/landmark/9.jpg -2 0.2689873417721519 0.11075949367088607 0.7816455696202531 0.16772151898734178 0.509493670886076 0.5537974683544303 0.2563291139240506 0.7436708860759493 0.6930379746835443 0.7943037974683544
../data/dst/12/landmark/10.jpg -2 0.2359418692447487 0.13237475112434915 0.751613845385004 0.14443891011337076 0.5141463029145109 0.5527653248079643 0.2784936722737509 0.7639809618501083 0.7179536729719259 0.7763595146041936
../data/dst/12/landmark/11.jpg -2 0.24838615461499602 0.14443891011337076 0.7640581307552513 0.13237475112434915 0.4858536970854891 0.5527653248079643 0.2820463270280741 0.7763595146041936 0.7215063277262491 0.7639809618501083
../data/dst/12/landmark/12.jpg -2 0.42628205128205127 0.2916666666666667 0.9455128205128205 0.34935897435897434 0.6698717948717948 0.7403846153846154 0.41346153846153844 0.9326923076923077 0.8557692307692307 0.9839743589743589
../data/dst/12/landmark/13.jpg -2 0.1752873563218391 0.20738636363636365 0.6982758620689655 0.26988636363636365 0.4511494252873563 0.4971590909090909 0.08908045977011494 0.7585227272727273 0.617816091954023 0.8039772727272727
../data/dst/12/landmark/14.jpg -2 0.19210526315789472 0.25526315789473686 0.6710526315789473 0.3131578947368421 0.44473684210526315 0.5236842105263158 0.11315789473684211 0.7657894736842106 0.5973684210526315 0.8078947368421052
../data/dst/12/landmark/15.jpg -2 0.178125 0.103125 0.746875 0.171875 0.478125 0.421875 0.084375 0.709375 0.659375 0.759375
../data/dst/12/landmark/16.jpg -2 0.21393976695469624 0.07658197449793587 0.7745335441804748 0.19464018867947405 0.4850172833814039 0.42026575733897753 0.06770834496782747 0.6723541593334641 0.6361625092331984 0.7722784463179547
../data/dst/12/landmark/17.jpg -2 0.22546645581952518 0.19464018867947405 0.7860602330453037 0.07658197449793587 0.5149827166185961 0.42026575733897753 0.3638374907668016 0.7722784463179547 0.9322916550321725 0.6723541593334641
../data/dst/12/landmark/18.jpg -2 0.2916666666666667 0.2361111111111111 0.7972222222222223 0.2972222222222222 0.5583333333333333 0.5194444444444445 0.20833333333333334 0.775 0.7194444444444444 0.8194444444444444
../data/dst/12/landmark/19.jpg -2 0.20277777777777772 0.2972222222222222 0.7083333333333333 0.2361111111111111 0.44166666666666665 0.5194444444444445 0.28055555555555556 0.8194444444444444 0.7916666666666666 0.775
../data/dst/12/landmark/20.jpg -2 0.31545887001151823 0.2189578415978049 0.8137644497677662 0.32389847642583885 0.5564166623908141 0.5244545374565086 0.1854753838009682 0.7485331170071633 0.6907679742590757 0.8373547054378216
../data/dst/12/landmark/21.jpg -2 0.18623555023223382 0.32389847642583885 0.6845411299884818 0.2189578415978049 0.4435833376091859 0.5244545374565086 0.30923202574092434 0.8373547054378216 0.8145246161990318 0.7485331170071633
../data/dst/12/landmark/22.jpg -2 0.1525 0.1025 0.6075 0.1575 0.3925 0.3575 0.0775 0.5875 0.5375 0.6275
../data/dst/12/landmark/23.jpg -2 0.11917793467092423 0.13429922811334236 0.5772400881537899 0.14943407355820384 0.380489376613596 0.3674114978672995 0.08673386754665756 0.6239903373939132 0.5484696583787673 0.62374648365366
../data/dst/12/landmark/24.jpg -2 0.4227599118462101 0.14943407355820384 0.8808220653290758 0.13429922811334236 0.6195106233864041 0.3674114978672995 0.45153034162123273 0.62374648365366 0.9132661324533424 0.6239903373939132
../data/dst/12/landmark/25.jpg -2 0.15588235294117647 0.026470588235294117 0.6911764705882353 0.09117647058823529 0.43823529411764706 0.3264705882352941 0.06764705882352941 0.5970588235294118 0.6088235294117647 0.6441176470588236
../data/dst/12/landmark/26.jpg -2 0.3088235294117647 0.09117647058823529 0.8441176470588235 0.026470588235294117 0.5617647058823529 0.3264705882352941 0.39117647058823535 0.6441176470588236 0.9323529411764706 0.5970588235294118
../data/dst/12/landmark/27.jpg -2 0.28535353535353536 0.3560606060606061 0.7449494949494949 0.4116161616161616 0.5277777777777778 0.6136363636363636 0.20959595959595959 0.8459595959595959 0.6742424242424242 0.8863636363636364
../data/dst/12/landmark/28.jpg -2 0.27362518516561896 0.37531601096545825 0.7363142290877054 0.3906037336370355 0.5375761366228632 0.6107829501108695 0.24085340019161225 0.8699534950872468 0.7072531889109148 0.8697071781779003
../data/dst/12/landmark/29.jpg -2 0.2636857709122946 0.3906037336370355 0.726374814834381 0.37531601096545825 0.4624238633771368 0.6107829501108695 0.2927468110890852 0.8697071781779003 0.7591465998083877 0.8699534950872468
../data/dst/12/landmark/30.jpg -2 0.29871547474449023 0.337900666856615 0.7517205472501699 0.4333012439730095 0.5177680132711228 0.6156249358190727 0.18054866909853567 0.819332735410577 0.639905569514997 0.9000796339839029
../data/dst/12/landmark/31.jpg -2 0.2482794527498301 0.4333012439730095 0.7012845252555098 0.337900666856615 0.48223198672887724 0.6156249358190727 0.360094430485003 0.9000796339839029 0.8194513309014644 0.819332735410577
../data/dst/12/landmark/32.jpg -2 0.22058823529411764 0.22647058823529412 0.6911764705882353 0.22647058823529412 0.4852941176470588 0.538235294117647 0.23823529411764705 0.6970588235294117 0.6911764705882353 0.6911764705882353
../data/dst/12/landmark/33.jpg -2 0.30913978494623656 0.29301075268817206 0.739247311827957 0.29301075268817206 0.5510752688172043 0.5779569892473119 0.32526881720430106 0.7231182795698925 0.739247311827957 0.717741935483871
../data/dst/12/landmark/34.jpg -2 0.29182576409654953 0.3104329730699445 0.7202966019854723 0.2729466321032098 0.5576753112995303 0.5732088363775675 0.34537976148411886 0.7374980731726144 0.7573143636901228 0.696061584518521
../data/dst/12/landmark/35.jpg -2 0.2797033980145277 0.2729466321032098 0.7081742359034504 0.3104329730699445 0.4423246887004697 0.5732088363775675 0.24268563630987716 0.696061584518521 0.6546202385158811 0.7374980731726144
../data/dst/12/landmark/36.jpg -2 0.3279063672770316 0.27716384546196743 0.7563772051659544 0.3146501864287021 0.5440865126990889 0.5821118423571668 0.3064876827311315 0.7070404211371428 0.719359443461304 0.7377651388440131
../data/dst/12/landmark/37.jpg -2 0.2436227948340456 0.3146501864287021 0.6720936327229684 0.27716384546196743 0.4559134873009111 0.5821118423571668 0.280640556538696 0.7377651388440131 0.6935123172688684 0.7070404211371428
../data/dst/12/landmark/38.jpg -2 0.351010101010101 0.15404040404040403 0.7550505050505051 0.15404040404040403 0.5782828282828283 0.4217171717171717 0.3661616161616162 0.5580808080808081 0.7550505050505051 0.553030303030303
../data/dst/12/landmark/39.jpg -2 0.38172941810357613 0.1423715594427249 0.7842323264234735 0.1775860009569302 0.5848077365303574 0.4288378595563971 0.361608835651367 0.5461950093194048 0.7494580654281958 0.5750576229228284
../data/dst/12/landmark/40.jpg -2 0.2157676735765265 0.1775860009569302 0.6182705818964238 0.1423715594427249 0.41519226346964255 0.4288378595563971 0.2505419345718042 0.5750576229228284 0.6383911643486331 0.5461950093194048
../data/dst/12/landmark/41.jpg -2 0.11197916666666667 0.2838541666666667 0.5286458333333334 0.2838541666666667 0.3463541666666667 0.5598958333333334 0.12760416666666666 0.7005208333333334 0.5286458333333334 0.6953125
../data/dst/12/landmark/42.jpg -2 0.47135416666666663 0.2838541666666667 0.8880208333333334 0.2838541666666667 0.6536458333333333 0.5598958333333334 0.47135416666666663 0.6953125 0.8723958333333334 0.7005208333333334
../data/dst/12/landmark/43.jpg -2 0.09461735243821441 0.31849491074944325 0.5096984766431083 0.282180017937919 0.35215910129110206 0.573059028328703 0.14649778740742217 0.7322142264739048 0.5455594332944885 0.6920726280902517
../data/dst/12/landmark/44.jpg -2 0.4903015233568917 0.282180017937919 0.9053826475617855 0.31849491074944325 0.6478408987088979 0.573059028328703 0.4544405667055115 0.6920726280902517 0.8535022125925779 0.7322142264739048
../data/dst/12/landmark/45.jpg -2 0.13229405373017075 0.2508584228879793 0.547375177935065 0.28717331569950355 0.3417185696077887 0.5462767948802038 0.11154470307632991 0.6673013555733055 0.5115142212836847 0.697065925851836
../data/dst/12/landmark/46.jpg -2 0.45262482206493504 0.28717331569950355 0.8677059462698292 0.2508584228879793 0.6582814303922113 0.5462767948802038 0.48848577871631527 0.697065925851836 0.8884552969236701 0.6673013555733055
../data/dst/12/landmark/47.jpg -2 0.26485148514851486 0.1608910891089109 0.6608910891089109 0.1608910891089109 0.4876237623762376 0.42326732673267325 0.27970297029702973 0.556930693069307 0.6608910891089109 0.551980198019802
../data/dst/12/landmark/48.jpg -2 0.3391089108910891 0.1608910891089109 0.7351485148514851 0.1608910891089109 0.5123762376237624 0.42326732673267325 0.3391089108910891 0.551980198019802 0.7202970297029703 0.556930693069307
../data/dst/12/landmark/49.jpg -2 0.2953015852418647 0.1416869574267409 0.689834138941566 0.1762040832673976 0.4943585508285116 0.42248065753816233 0.2755794301649468 0.5375139033454669 0.6557484771739177 0.5658049800458524
../data/dst/12/landmark/50.jpg -2 0.310165861058434 0.1762040832673976 0.7046984147581353 0.1416869574267409 0.5056414491714885 0.42248065753816233 0.3442515228260823 0.5658049800458524 0.7244205698350532 0.5375139033454669
../data/dst/12/landmark/51.jpg -2 0.31880733944954126 0.30963302752293576 0.7178899082568807 0.19036697247706422 0.5344036697247706 0.49311926605504586 0.48394495412844035 0.7408256880733946 0.7270642201834863 0.6674311926605505
../data/dst/12/landmark/52.jpg -2 0.3313953488372093 0.3236434108527132 0.6686046511627907 0.22286821705426357 0.5135658914728682 0.4786821705426357 0.47093023255813954 0.687984496124031 0.6763565891472868 0.625968992248062
../data/dst/12/landmark/53.jpg -2 0.33139534883720934 0.22286821705426357 0.6686046511627908 0.3236434108527132 0.48643410852713176 0.4786821705426357 0.3236434108527132 0.625968992248062 0.5290697674418605 0.687984496124031
../data/dst/12/landmark/54.jpg -2 0.31989247311827956 0.3629032258064516 0.7876344086021505 0.22311827956989247 0.5725806451612904 0.5779569892473119 0.5134408602150538 0.8682795698924731 0.7983870967741935 0.782258064516129
../data/dst/12/landmark/55.jpg -2 0.2123655913978495 0.22311827956989247 0.6801075268817205 0.3629032258064516 0.42741935483870963 0.5779569892473119 0.2016129032258065 0.782258064516129 0.48655913978494625 0.8682795698924731
../data/dst/12/landmark/56.jpg -2 0.3086290654508667 0.3791223257027259 0.7624080408408815 0.1991029075875021 0.5790988531939764 0.5713345193292307 0.5454873931367953 0.8657067067871794 0.8218520550448599 0.7551778383189333
../data/dst/12/landmark/57.jpg -2 0.23759195915911846 0.1991029075875021 0.6913709345491332 0.3791223257027259 0.42090114680602364 0.5713345193292307 0.17814794495514008 0.7551778383189333 0.4545126068632047 0.8657067067871794
../data/dst/12/landmark/58.jpg -2 0.3325266078171603 0.3477275151430857 0.8106717048355526 0.2492408886305098 0.565510054593535 0.5839861594055038 0.4812920342312623 0.8680496030976006 0.7726512325260205 0.8071901364102777
../data/dst/12/landmark/59.jpg -2 0.18932829516444738 0.2492408886305098 0.6674733921828397 0.3477275151430857 0.434489945406465 0.5839861594055038 0.22734876747397947 0.8071901364102777 0.5187079657687377 0.8680496030976006
../data/dst/12/landmark/60.jpg -2 0.31043956043956045 0.28532608695652173 0.7774725274725275 0.2798913043478261 0.6236263736263736 0.5625 0.28846153846153844 0.7527173913043478 0.760989010989011 0.7472826086956522
../data/dst/12/landmark/61.jpg -2 0.32180851063829785 0.34308510638297873 0.773936170212766 0.3377659574468085 0.625 0.6143617021276596 0.300531914893617 0.800531914893617 0.7579787234042553 0.7952127659574468
../data/dst/12/landmark/62.jpg -2 0.30881054895143945 0.3592126265337238 0.7587541319038368 0.3145081965781775 0.6344916163522907 0.6030320534808646 0.3274840334404374 0.816773089336281 0.7827265243614075 0.7716050650044175
../data/dst/12/landmark/63.jpg -2 0.24124586809616322 0.3145081965781775 0.6911894510485606 0.3592126265337238 0.3655083836477093 0.6030320534808646 0.21727347563859245 0.7716050650044175 0.6725159665595626 0.816773089336281
../data/dst/12/landmark/64.jpg -2 0.29318181818181815 0.3659090909090909 0.6795454545454546 0.3613636363636364 0.5522727272727272 0.5977272727272728 0.275 0.7568181818181818 0.6659090909090909 0.7522727272727273
../data/dst/12/landmark/65.jpg -2 0.28228203102622573 0.384444739551418 0.6667792746400928 0.3462427721348604 0.5605913068051351 0.5927995225789748 0.29823937231682396 0.7754509532190577 0.6872647736492896 0.7368528233354652
../data/dst/12/landmark/66.jpg -2 0.3332207253599072 0.3462427721348604 0.7177179689737743 0.384444739551418 0.43940869319486486 0.5927995225789748 0.3127352263507104 0.7368528233354652 0.701760627683176 0.7754509532190577
../data/dst/12/landmark/67.jpg -2 0.3056556165812796 0.34839395505125026 0.6909451851292162 0.37753960703061024 0.5435563207226383 0.6019112593207754 0.2534730135418905 0.7362308689826113 0.643290739808426 0.7657726834290065
../data/dst/12/landmark/68.jpg -2 0.3090548148707838 0.37753960703061024 0.6943443834187204 0.34839395505125026 0.45644367927736174 0.6019112593207754 0.356709260191574 0.7657726834290065 0.7465269864581094 0.7362308689826113
../data/dst/12/landmark/69.jpg -2 0.3039772727272727 0.25 0.7357954545454546 0.2442528735632184 0.59375 0.5028735632183908 0.3835227272727273 0.7614942528735632 0.65625 0.75
../data/dst/12/landmark/70.jpg -2 0.39950980392156865 0.2034313725490196 0.7720588235294118 0.19852941176470587 0.6495098039215687 0.41911764705882354 0.4681372549019608 0.6397058823529411 0.7034313725490197 0.6299019607843137
../data/dst/12/landmark/71.jpg -2 0.2279411764705882 0.19852941176470587 0.6004901960784313 0.2034313725490196 0.35049019607843135 0.41911764705882354 0.29656862745098034 0.6299019607843137 0.5318627450980392 0.6397058823529411
../data/dst/12/landmark/72.jpg -2 0.37404454045532304 0.21331820339106075 0.7447486645348572 0.17596510953364022 0.6418915124336367 0.4063947908219735 0.48043467220937214 0.6419512805072278 0.7139789566353941 0.6116774322323698
../data/dst/12/landmark/73.jpg -2 0.2552513354651428 0.17596510953364022 0.625955459544677 0.21331820339106075 0.35810848756636326 0.4063947908219735 0.2860210433646059 0.6116774322323698 0.5195653277906278 0.6419512805072278
../data/dst/12/landmark/74.jpg -2 0.4257398584576104 0.19580160803491364 0.7972984506032983 0.2233880872051601 0.6559902355251697 0.4324560668396556 0.4560823323239971 0.6363972380772303 0.691335552882326 0.6471378569777405
../data/dst/12/landmark/75.jpg -2 0.2027015493967017 0.2233880872051601 0.5742601415423896 0.19580160803491364 0.34400976447483034 0.4324560668396556 0.30866444711767405 0.6471378569777405 0.5439176676760029 0.6363972380772303
../data/dst/12/landmark/76.jpg -2 0.41776315789473684 0.19407894736842105 0.9177631578947368 0.1875 0.7532894736842105 0.48355263157894735 0.5098684210526315 0.7796052631578947 0.8256578947368421 0.7664473684210527
../data/dst/12/landmark/77.jpg -2 0.4447388704711796 0.18807565627886902 0.9434096125614445 0.22509961516525243 0.7537591133776402 0.5056908509904964 0.48546166434448795 0.7794013702830308 0.8011962498306662 0.7938164114389787
../data/dst/12/landmark/78.jpg -2 0.05659038743855549 0.22509961516525243 0.5552611295288203 0.18807565627886902 0.24624088662235977 0.5056908509904964 0.19880375016933383 0.7938164114389787 0.514538335655512 0.7794013702830308
../data/dst/12/landmark/79.jpg -2 0.33791208791208793 0.08516483516483517 0.7554945054945055 0.07967032967032966 0.6181318681318682 0.3269230769230769 0.41483516483516486 0.5741758241758241 0.6785714285714286 0.5631868131868132
../data/dst/12/landmark/80.jpg -2 0.24450549450549453 0.07967032967032966 0.6620879120879121 0.08516483516483517 0.38186813186813184 0.3269230769230769 0.3214285714285714 0.5631868131868132 0.5851648351648351 0.5741758241758241
../data/dst/12/landmark/81.jpg -2 0.3746841482623171 0.07261651584075438 0.7911564163816592 0.1035376243612504 0.6327669884918886 0.3378775575779375 0.40869439369497024 0.5664709583057684 0.6723848167383718 0.57850989377667
../data/dst/12/landmark/82.jpg -2 0.20884358361834077 0.1035376243612504 0.6253158517376829 0.07261651584075438 0.3672330115081114 0.3378775575779375 0.3276151832616282 0.57850989377667 0.5913056063050297 0.5664709583057684
../data/dst/12/landmark/83.jpg -2 0.453804347826087 0.26902173913043476 0.8668478260869565 0.26358695652173914 0.7309782608695652 0.5081521739130435 0.529891304347826 0.7527173913043478 0.7907608695652174 0.7418478260869565
../data/dst/12/landmark/84.jpg -2 0.13315217391304346 0.26358695652173914 0.5461956521739131 0.26902173913043476 0.2690217391304348 0.5081521739130435 0.2092391304347826 0.7418478260869565 0.47010869565217395 0.7527173913043478
../data/dst/12/landmark/85.jpg -2 0.2403846153846154 0.266025641025641 0.7275641025641025 0.25961538461538464 0.5673076923076923 0.5480769230769231 0.3301282051282051 0.8365384615384616 0.6378205128205128 0.8237179487179487
../data/dst/12/landmark/86.jpg -2 0.22098032126278702 0.28954295577520167 0.7057472527514087 0.24069660226934403 0.5712417461575049 0.5420277239540875 0.36010587817192813 0.8500631335424972 0.6655099424213415 0.8104742550292209
../data/dst/12/landmark/87.jpg -2 0.2942527472485913 0.24069660226934403 0.779019678737213 0.28954295577520167 0.4287582538424951 0.5420277239540875 0.33449005757865846 0.8104742550292209 0.6398941218280718 0.8500631335424972
../data/dst/12/landmark/88.jpg -2 0.30654761904761907 0.27941176470588236 0.7827380952380952 0.23823529411764705 0.6398809523809523 0.5441176470588235 0.33035714285714285 0.7794117647058824 0.8184523809523809 0.7676470588235295
../data/dst/12/landmark/89.jpg -2 0.12037037037037036 0.2808641975308642 0.6141975308641975 0.23765432098765432 0.4660493827160494 0.558641975308642 0.14506172839506173 0.8055555555555556 0.6512345679012346 0.7932098765432098
../data/dst/12/landmark/90.jpg -2 0.14091391935123138 0.24861117307877809 0.6366279072930419 0.24860559612304006 0.4610675901505719 0.5554598336219718 0.11978145428219479 0.773457915725624 0.6251041501403334 0.8052750855350341
../data/dst/12/landmark/91.jpg -2 0.36337209270695814 0.24860559612304006 0.8590860806487686 0.24861117307877809 0.5389324098494281 0.5554598336219718 0.3748958498596666 0.8052750855350341 0.8802185457178052 0.773457915725624
../data/dst/12/landmark/92.jpg -2 0.19705882352941176 0.25588235294117645 0.6676470588235294 0.21470588235294116 0.5264705882352941 0.5205882352941177 0.22058823529411764 0.7558823529411764 0.7029411764705882 0.7441176470588236
../data/dst/12/landmark/93.jpg -2 0.33235294117647063 0.21470588235294116 0.8029411764705883 0.25588235294117645 0.47352941176470587 0.5205882352941177 0.2970588235294118 0.7441176470588236 0.7794117647058824 0.7558823529411764
../data/dst/12/landmark/94.jpg -2 0.17693535131910176 0.2832143575335114 0.6421440904256077 0.20118010867201222 0.5281642425942918 0.5182028270644506 0.24395309794214834 0.7792609832206157 0.7234451788717238 0.7255012167412541
../data/dst/12/landmark/95.jpg -2 0.3578559095743923 0.20118010867201222 0.8230646486808982 0.2832143575335114 0.47183575740570816 0.5182028270644506 0.27655482112827623 0.7255012167412541 0.7560469020578516 0.7792609832206157
../data/dst/12/landmark/96.jpg -2 0.19722222222222222 0.20833333333333334 0.6416666666666667 0.16944444444444445 0.5083333333333333 0.4583333333333333 0.21944444444444444 0.6805555555555556 0.675 0.6694444444444444
../data/dst/12/landmark/97.jpg -2 0.3583333333333333 0.16944444444444445 0.8027777777777778 0.20833333333333334 0.4916666666666667 0.4583333333333333 0.32499999999999996 0.6694444444444444 0.7805555555555556 0.6805555555555556
../data/dst/12/landmark/98.jpg -2 0.4015151515151515 0.2601010101010101 0.8055555555555556 0.22474747474747475 0.6843434343434344 0.48737373737373735 0.4217171717171717 0.6893939393939394 0.8358585858585859 0.6792929292929293
../data/dst/12/landmark/99.jpg -2 0.42279849074608444 0.2524303780659735 0.8283826626984747 0.25242581510218787 0.6847424032182721 0.5034883730558594 0.4055082920532362 0.6818504402315746 0.8189541341189859 0.7078826700756375
../data/dst/12/landmark/100.jpg -2 0.17161733730152529 0.25242581510218787 0.5772015092539156 0.2524303780659735 0.31525759678172793 0.5034883730558594 0.18104586588101412 0.7078826700756375 0.5944917079467638 0.6818504402315746
../data/dst/12/landmark/101.jpg -2 0.4320652173913043 0.3451086956521739 0.8668478260869565 0.3070652173913043 0.7364130434782609 0.5896739130434783 0.453804347826087 0.8070652173913043 0.8994565217391305 0.7961956521739131
../data/dst/12/landmark/102.jpg -2 0.4188240630736137 0.3516190102648421 0.84863648507419 0.27582649772976137 0.7433290169691699 0.5687279223314708 0.48074263332316763 0.8099229579105363 0.9237516211385364 0.7602536084459087
../data/dst/12/landmark/103.jpg -2 0.15136351492581002 0.27582649772976137 0.5811759369263862 0.3516190102648421 0.25667098303083014 0.5687279223314708 0.07624837886146363 0.7602536084459087 0.5192573666768323 0.8099229579105363
../data/dst/12/landmark/104.jpg -2 0.44582339642479024 0.3397771973915192 0.8822672336344276 0.33977228724570635 0.7276978239763834 0.6099374311306355 0.4272176391357473 0.8018705251566769 0.8721213170108473 0.829883468141049
../data/dst/12/landmark/105.jpg -2 0.1177327663655724 0.33977228724570635 0.5541766035752098 0.3397771973915192 0.2723021760236166 0.6099374311306355 0.12787868298915273 0.829883468141049 0.5727823608642527 0.8018705251566769
../data/dst/12/landmark/106.jpg -2 0.29819277108433734 0.24397590361445784 0.75 0.286144578313253 0.6114457831325302 0.5210843373493976 0.3102409638554217 0.75 0.6716867469879518 0.7740963855421686
../data/dst/12/landmark/107.jpg -2 0.1676829268292683 0.25914634146341464 0.625 0.3018292682926829 0.4847560975609756 0.5396341463414634 0.1798780487804878 0.7713414634146342 0.5457317073170732 0.7957317073170732
../data/dst/12/landmark/108.jpg -2 0.375 0.3018292682926829 0.8323170731707317 0.25914634146341464 0.5152439024390244 0.5396341463414634 0.4542682926829268 0.7957317073170732 0.8201219512195121 0.7713414634146342
../data/dst/12/landmark/109.jpg -2 0.14795571411870365 0.2890262036897769 0.6072526199486699 0.29168889991275165 0.4882684486745756 0.5408119200882044 0.20474517623447652 0.7982093936544802 0.5713324009692039 0.7906205779685501
../data/dst/12/landmark/110.jpg -2 0.39274738005133014 0.29168889991275165 0.8520442858812963 0.2890262036897769 0.5117315513254244 0.5408119200882044 0.4286675990307961 0.7906205779685501 0.7952548237655235 0.7982093936544802
../data/dst/12/landmark/111.jpg -2 0.18993927312519734 0.23109952100993103 0.6417960545742664 0.31347783559966613 0.48135976174945627 0.5381547328093121 0.15744724267019866 0.7424084607977477 0.5197829677586991 0.7985921398052261
../data/dst/12/landmark/112.jpg -2 0.35820394542573364 0.31347783559966613 0.8100607268748027 0.23109952100993103 0.5186402382505437 0.5381547328093121 0.48021703224130086 0.7985921398052261 0.8425527573298013 0.7424084607977477
../data/dst/12/landmark/113.jpg -2 0.3938356164383562 0.09931506849315068 0.9075342465753424 0.14726027397260275 0.75 0.4143835616438356 0.4075342465753425 0.6746575342465754 0.8184931506849316 0.702054794520548
../data/dst/12/landmark/114.jpg -2 0.35931761115643807 0.11009263133028475 0.8752401629106469 0.11308360516979063 0.7415867102465958 0.3929204223531759 0.4231085138070323 0.6820518310166638 0.8348914237830276 0.6735274079173998
../data/dst/12/landmark/115.jpg -2 0.12475983708935312 0.11308360516979063 0.640682388843562 0.11009263133028475 0.25841328975340416 0.3929204223531759 0.1651085762169724 0.6735274079173998 0.5768914861929677 0.6820518310166638
../data/dst/12/landmark/116.jpg -2 0.42916159678298593 0.09158695992496026 0.9367267485476936 0.1841215050805531 0.7565106387992767 0.43649829372700477 0.3926636995595627 0.665933988179768 0.7996709523987003 0.729044422133374
../data/dst/12/landmark/117.jpg -2 0.06327325145230644 0.1841215050805531 0.5708384032170141 0.09158695992496026 0.2434893612007233 0.43649829372700477 0.20032904760129966 0.729044422133374 0.6073363004404373 0.665933988179768
../data/dst/12/landmark/118.jpg -2 0.3074712643678161 0.11781609195402298 0.7385057471264368 0.15804597701149425 0.6063218390804598 0.382183908045977 0.31896551724137934 0.6005747126436781 0.6637931034482759 0.6235632183908046
../data/dst/12/landmark/119.jpg -2 0.3415134167048609 0.10249043215432395 0.76740141761088 0.18013436084809725 0.616185601385197 0.39189879270086736 0.3108887443219886 0.5844138006899675 0.6524005771640232 0.6373685326280507
../data/dst/12/landmark/120.jpg -2 0.23259858238912 0.18013436084809725 0.6584865832951391 0.10249043215432395 0.38381439861480304 0.39189879270086736 0.3475994228359768 0.6373685326280507 0.6891112556780115 0.5844138006899675
../data/dst/12/landmark/121.jpg -2 0.21067415730337077 0.2949438202247191 0.6320224719101124 0.3342696629213483 0.5028089887640449 0.5533707865168539 0.22191011235955055 0.7668539325842697 0.5589887640449438 0.7893258426966292
../data/dst/12/landmark/122.jpg -2 0.21944444444444444 0.26944444444444443 0.6361111111111111 0.30833333333333335 0.5083333333333333 0.525 0.23055555555555557 0.7361111111111112 0.5638888888888889 0.7583333333333333
../data/dst/12/landmark/123.jpg -2 0.3527397260273973 0.3321917808219178 0.8664383561643836 0.3801369863013699 0.708904109589041 0.6472602739726028 0.3664383561643836 0.9075342465753424 0.7773972602739726 0.934931506849315
../data/dst/12/landmark/124.jpg -2 0.13356164383561642 0.3801369863013699 0.6472602739726028 0.3321917808219178 0.29109589041095896 0.6472602739726028 0.2226027397260274 0.934931506849315 0.6335616438356164 0.9075342465753424
../data/dst/12/landmark/125.jpg -2 0.33867464584732776 0.34566492031388285 0.8545971976015365 0.3486558941533887 0.7209437449374855 0.6284927113367738 0.40246554849792193 0.9176241200002617 0.8142484584739174 0.9090996969009978
../data/dst/12/landmark/126.jpg -2 0.14540280239846348 0.3486558941533887 0.6613253541526722 0.34566492031388285 0.2790562550625145 0.6284927113367738 0.18575154152608264 0.9090996969009978 0.5975344515020781 0.9176241200002617
../data/dst/12/landmark/127.jpg -2 0.13109756097560976 0.19817073170731708 0.5884146341463414 0.24085365853658536 0.4481707317073171 0.47865853658536583 0.14329268292682926 0.7103658536585366 0.5091463414634146 0.7347560975609756
../data/dst/12/landmark/128.jpg -2 0.41158536585365857 0.24085365853658536 0.8689024390243902 0.19817073170731708 0.5518292682926829 0.47865853658536583 0.49085365853658536 0.7347560975609756 0.8567073170731707 0.7103658536585366
../data/dst/12/landmark/129.jpg -2 0.27298850574712646 0.29022988505747127 0.7844827586206896 0.32471264367816094 0.5086206896551724 0.5431034482758621 0.3074712643678161 0.7902298850574713 0.646551724137931 0.8304597701149425
../data/dst/12/landmark/130.jpg -2 0.33421052631578946 0.15 0.8026315789473685 0.18157894736842106 0.55 0.3815789473684211 0.36578947368421055 0.6078947368421053 0.6763157894736842 0.6447368421052632
../data/dst/12/landmark/131.jpg -2 0.19736842105263153 0.18157894736842106 0.6657894736842105 0.15 0.44999999999999996 0.3815789473684211 0.3236842105263158 0.6447368421052632 0.6342105263157894 0.6078947368421053
../data/dst/12/landmark/132.jpg -2 0.3043368953546881 0.16578136038657984 0.7737277510739058 0.15641455556557396 0.5394886601055225 0.3776717880885946 0.37570383118414463 0.6191813828997164 0.6882595016401793 0.6288191411340868
../data/dst/12/landmark/133.jpg -2 0.2262722489260942 0.15641455556557396 0.6956631046453119 0.16578136038657984 0.46051133989447746 0.3776717880885946 0.31174049835982065 0.6288191411340868 0.6242961688158554 0.6191813828997164
../data/dst/12/landmark/134.jpg -2 0.3653459152780489 0.13688235094919846 0.8292321977710981 0.20916671564968276 0.560130809703652 0.38638736236336035 0.3568965393280711 0.5957869466885023 0.6630302076869097 0.6595530083135238
../data/dst/12/landmark/135.jpg -2 0.17076780222890187 0.20916671564968276 0.6346540847219511 0.13688235094919846 0.43986919029634797 0.38638736236336035 0.3369697923130903 0.6595530083135238 0.6431034606719289 0.5957869466885023
../data/dst/12/landmark/136.jpg -2 0.1356382978723404 0.26861702127659576 0.6090425531914894 0.300531914893617 0.3537234042553192 0.5026595744680851 0.1675531914893617 0.7313829787234043 0.48138297872340424 0.7686170212765957
../data/dst/12/landmark/137.jpg -2 0.39095744680851063 0.300531914893617 0.8643617021276596 0.26861702127659576 0.6462765957446808 0.5026595744680851 0.5186170212765957 0.7686170212765957 0.8324468085106382 0.7313829787234043
../data/dst/12/landmark/138.jpg -2 0.11685844878293782 0.3012537181448067 0.5912428242438491 0.2917872664640029 0.3545118280523981 0.5153982993330131 0.1889846073339843 0.7594771451527638 0.5048653381140192 0.7692174327300532
../data/dst/12/landmark/139.jpg -2 0.4087571757561509 0.2917872664640029 0.8831415512170622 0.3012537181448067 0.6454881719476019 0.5153982993330131 0.49513466188598076 0.7692174327300532 0.8110153926660157 0.7594771451527638
../data/dst/12/landmark/140.jpg -2 0.1571911595225456 0.23774128858933247 0.6260124024676487 0.3107946358930134 0.3540482336760807 0.48990060863556006 0.14865189659437653 0.7015278481130971 0.4580423061059689 0.7659722720958316
../data/dst/12/landmark/141.jpg -2 0.37398759753235133 0.3107946358930134 0.8428088404774544 0.23774128858933247 0.6459517663239194 0.48990060863556006 0.5419576938940311 0.7659722720958316 0.8513481034056235 0.7015278481130971
../data/dst/12/landmark/142.jpg -2 0.25 0.2131578947368421 0.718421052631579 0.24473684210526317 0.46578947368421053 0.44473684210526315 0.28157894736842104 0.6710526315789473 0.5921052631578947 0.7078947368421052
../data/dst/12/landmark/143.jpg -2 0.28157894736842104 0.24473684210526317 0.75 0.2131578947368421 0.5342105263157895 0.44473684210526315 0.4078947368421053 0.7078947368421052 0.718421052631579 0.6710526315789473
../data/dst/12/landmark/144.jpg -2 0.2259513887415512 0.2360383512342824 0.6953422444607685 0.22667154641327653 0.46110315349238545 0.4479287789362972 0.2973183245710076 0.6894383737474186 0.6098739950270421 0.6990761319817891
../data/dst/12/landmark/145.jpg -2 0.30465775553923147 0.22667154641327653 0.7740486112584488 0.2360383512342824 0.5388968465076145 0.4479287789362972 0.3901260049729579 0.6990761319817891 0.7026816754289924 0.6894383737474186
../data/dst/12/landmark/146.jpg -2 0.1858108108108108 0.3277027027027027 0.7871621621621622 0.36824324324324326 0.46283783783783783 0.625 0.22635135135135134 0.9155405405405406 0.625 0.9628378378378378
../data/dst/12/landmark/147.jpg -2 0.17198969661262536 0.35574173808396364 0.7745860654413506 0.3437167859488885 0.47387371892788577 0.6277632331068201 0.26360941152881956 0.9378093345535305 0.6648633127899449 0.950182132286844
../data/dst/12/landmark/148.jpg -2 0.22541393455864944 0.3437167859488885 0.8280103033873747 0.35574173808396364 0.5261262810721142 0.6277632331068201 0.3351366872100551 0.950182132286844 0.7363905884711804 0.9378093345535305
../data/dst/12/landmark/149.jpg -2 0.3029411764705882 0.15588235294117647 0.8264705882352941 0.19117647058823528 0.5441176470588235 0.4147058823529412 0.3382352941176471 0.6676470588235294 0.6852941176470588 0.7088235294117647
../data/dst/12/landmark/150.jpg -2 0.17352941176470593 0.19117647058823528 0.6970588235294117 0.15588235294117647 0.4558823529411765 0.4147058823529412 0.31470588235294117 0.7088235294117647 0.6617647058823529 0.6676470588235294
../data/dst/12/landmark/151.jpg -2 0.27369921566581484 0.17436663260987909 0.7983125249990578 0.16389785075110777 0.5365158939167475 0.4111853459238957 0.3534622615928545 0.6811078342422079 0.7027891873966576 0.6918794463865043
../data/dst/12/landmark/152.jpg -2 0.2016874750009422 0.16389785075110777 0.7263007843341851 0.17436663260987909 0.4634841060832525 0.4111853459238957 0.29721081260334237 0.6918794463865043 0.6465377384071456 0.6811078342422079
../data/dst/12/landmark/153.jpg -2 0.3336828739097914 0.1400170163505078 0.8521440131667288 0.22080542395693148 0.5513836382678184 0.4188755585192773 0.3242394537304044 0.6529103880591419 0.6663888477785181 0.7241783392871071
../data/dst/12/landmark/154.jpg -2 0.14785598683327117 0.22080542395693148 0.6663171260902085 0.1400170163505078 0.44861636173218156 0.4188755585192773 0.33361115222148185 0.7241783392871071 0.6757605462695956 0.6529103880591419
../data/dst/12/landmark/155.jpg -2 0.375 0.23275862068965517 0.8226744186046512 0.3017241379310345 0.6133720930232558 0.5488505747126436 0.32848837209302323 0.7212643678160919 0.6656976744186046 0.7844827586206896
../data/dst/12/landmark/156.jpg -2 0.4298780487804878 0.10060975609756098 0.899390243902439 0.17378048780487804 0.6798780487804879 0.43597560975609756 0.38109756097560976 0.6189024390243902 0.7347560975609756 0.6859756097560976
../data/dst/12/landmark/157.jpg -2 0.10060975609756095 0.17378048780487804 0.5701219512195121 0.10060975609756098 0.32012195121951215 0.43597560975609756 0.2652439024390244 0.6859756097560976 0.6189024390243902 0.6189024390243902
../data/dst/12/landmark/158.jpg -2 0.3458904109589041 0.1404109589041096 0.8732876712328768 0.2226027397260274 0.6267123287671232 0.5171232876712328 0.2910958904109589 0.7226027397260274 0.6883561643835616 0.797945205479452
../data/dst/12/landmark/159.jpg -2 0.12671232876712324 0.2226027397260274 0.654109589041096 0.1404109589041096 0.37328767123287676 0.5171232876712328 0.3116438356164384 0.797945205479452 0.7089041095890412 0.7226027397260274
../data/dst/12/landmark/160.jpg -2 0.37781709443279304 0.128347768070966 0.8960439632005499 0.25619248429473773 0.6247377572453983 0.5281018355209659 0.27248972649933473 0.703548476261494 0.6616717766301362 0.8132277554284351
../data/dst/12/landmark/161.jpg -2 0.10395603679945009 0.25619248429473773 0.622182905567207 0.128347768070966 0.37526224275460174 0.5281018355209659 0.3383282233698638 0.8132277554284351 0.7275102735006653 0.703548476261494
../data/dst/12/landmark/162.jpg -2 0.4297752808988764 0.12640449438202248 0.8623595505617978 0.19382022471910113 0.6601123595505618 0.4353932584269663 0.3848314606741573 0.6039325842696629 0.7106741573033708 0.6657303370786517
../data/dst/12/landmark/163.jpg -2 0.3974815133771569 0.13394662562496992 0.8342953373436531 0.1634036154313254 0.653872235134925 0.42168439496425103 0.3943280333143307 0.6135746889945183 0.7243168291544742 0.6467382204531982
../data/dst/12/landmark/164.jpg -2 0.16570466265634687 0.1634036154313254 0.602518486622843 0.13394662562496992 0.346127764865075 0.42168439496425103 0.27568317084552585 0.6467382204531982 0.6056719666856694 0.6135746889945183
